NOAA 15                 
1 25338U 98030A   21342.09062528  .00000040  00000+0  35238-4 0  9993
2 25338  98.6658   8.9242 0011190 131.8454 228.3683 14.26074465225996
DMSP 5D-3 F15 (USA 147) 
1 25991U 99067A   21342.19523416  .00000010  00000+0  28124-4 0  9991
2 25991  99.0363 325.6849 0010466  16.5160  47.4222 14.16484177136713
METEOSAT-8 (MSG-1)      
1 27509U 02040B   21341.83209177  .00000132  00000+0  00000+0 0  9991
2 27509   7.6877  51.6492 0001856 167.3009 199.0772  1.00281901 70681
DMSP 5D-3 F16 (USA 172) 
1 28054U 03048A   21342.14446942 -.00000032  00000+0  71953-5 0  9995
2 28054  98.9718 327.1507 0007984 133.6484 301.1583 14.13644648935992
NOAA 18                 
1 28654U 05018A   21342.18920604  .00000122  00000+0  90093-4 0  9990
2 28654  98.9747  47.5723 0014867 149.1302 211.0747 14.12664484853069
METEOSAT-9 (MSG-2)      
1 28912U 05049B   21341.76216486  .00000018  00000+0  00000+0 0  9998
2 28912   5.5916  67.4717 0000439 169.2469 117.9853  1.00275416 58468
FORMOSAT-3 FM6          
1 29047U 06011A   21341.73251290  .00000070  00000+0  43814-4 0  9990
2 29047  71.9785  91.2244 0051444 215.4468 144.3246 14.28865444818176
FORMOSAT-3 FM1          
1 29048U 06011B   21341.48464082  .00000110  00000+0  59298-4 0  9996
2 29048  71.9667   2.0156 0043508 176.2102 183.9373 14.28828881820615
FORMOSAT-3 FM5          
1 29049U 06011C   21341.73629704  .00000075  00000+0  45899-4 0  9991
2 29049  72.0187 176.2131 0035474 197.1764 162.8175 14.28910603816447
FORMOSAT-3 FM3          
1 29050U 06011D   21341.97289410  .00000246  00000+0  61705-4 0  9999
2 29050  72.0162 266.6869 0047667  64.9174 295.6915 14.59177560834973
FORMOSAT-3 FM4          
1 29051U 06011E   21341.65374156  .00000149  00000+0  73499-4 0  9992
2 29051  72.0058  77.3919 0066260  73.5111 287.3293 14.28944590819014
FORMOSAT-3 FM2          
1 29052U 06011F   21341.75338617  .00000092  00000+0  52101-4 0  9990
2 29052  72.0324 153.0013 0039363 154.5527 205.7559 14.29051708816526
EWS-G1 (GOES 13)        
1 29155U 06018A   21341.76423591  .00000038  00000+0  00000+0 0  9994
2 29155   0.2994 102.9974 0006739 131.8824 178.4113  1.00272101 26807
METOP-A                 
1 29499U 06044A   21341.90553177  .00000270  00000+0  45479-4 0  9996
2 29499  98.4770  15.2125 0197963 248.0246 198.6084 14.66847530782598
DMSP 5D-3 F17 (USA 191) 
1 29522U 06050A   21342.10447052  .00000022  00000+0  34617-4 0  9994
2 29522  98.7765 355.6626 0010771  86.5430 273.6975 14.14057372778868
FENGYUN 3A              
1 32958U 08026A   21341.49279778  .00000002  00000+0  21010-4 0  9996
2 32958  98.4755 307.2734 0008041 212.7837 147.2841 14.18678238701009
FENGYUN 2E              
1 33463U 08066A   21341.76929457 -.00000206  00000+0  00000+0 0  9996
2 33463   5.4851  66.3470 0003654 335.8795  38.1658  1.00274889 47526
NOAA 19                 
1 33591U 09005A   21342.09861414  .00000038  00000+0  46013-4 0  9998
2 33591  99.1704   7.0035 0014003   9.2774 350.8653 14.12513377661439
GOES 14                 
1 35491U 09033A   21341.65939948 -.00000092  00000+0  00000+0 0  9991
2 35491   0.1755 287.6498 0015429 294.6935 347.3698  1.00270337 45580
METEOR-M 1              
1 35865U 09049A   21341.69789382  .00000011  00000+0  24073-4 0  9993
2 35865  98.5027 313.6446 0003373  71.7683 288.3863 14.22294174634439
DMSP 5D-3 F18 (USA 210) 
1 35951U 09057A   21342.13539283  .00000063  00000+0  56293-4 0  9997
2 35951  98.7006 321.4870 0010061 273.4744  86.5278 14.13418464626094
GOES 15                 
1 36411U 10008A   21341.77757697  .00000054  00000+0  00000+0 0  9997
2 36411   0.2017 276.2717 0001053  23.0268 289.3901  1.00279628 43104
COMS 1                  
1 36744U 10032A   21341.84936101 -.00000344  00000+0  00000+0 0  9993
2 36744   0.5998  96.3593 0000665 151.1408 263.2682  1.00270212 34527
FENGYUN 3B              
1 37214U 10059A   21342.14424963  .00000036  00000+0  41463-4 0  9997
2 37214  99.0895 339.6709 0016950 179.0980 181.0228 14.16010046573911
SUOMI NPP               
1 37849U 11061A   21342.12781319  .00000021  00000+0  30669-4 0  9994
2 37849  98.7141 278.5197 0001163 104.9110  10.5856 14.19568030524046
FENGYUN 2F              
1 38049U 12002A   21341.77435324 -.00000358  00000+0  00000+0 0  9990
2 38049   3.3279  81.0609 0003780  13.0000  13.6978  1.00272925 36311
METEOSAT-10 (MSG-3)     
1 38552U 12035B   21341.82563762  .00000060  00000+0  00000+0 0  9998
2 38552   1.2979  27.2021 0000905 164.6276 191.5686  1.00264388 34288
METOP-B                 
1 38771U 12049A   21342.16333331  .00000022  00000+0  29920-4 0  9996
2 38771  98.6935  39.8486 0000853 166.7511 216.5641 14.21496479478550
FENGYUN 3C              
1 39260U 13052A   21342.11845427  .00000036  00000+0  39321-4 0  9995
2 39260  98.4788  14.6985 0012262 104.4036 255.8504 14.15888515424847
METEOR-M 2              
1 40069U 14037A   21342.11172496 -.00000010  00000+0  14609-4 0  9992
2 40069  98.4469   3.5122 0006177 147.6209 212.5355 14.20692886384693
HIMAWARI-8              
1 40267U 14060A   21341.85180312 -.00000275  00000+0  00000+0 0  9992
2 40267   0.0381  87.7124 0000862 169.9038 266.5481  1.00271800 26193
FENGYUN 2G              
1 40367U 14090A   21342.05898362 -.00000301  00000+0  00000+0 0  9990
2 40367   1.4591  91.2030 0002897 296.4868 170.2167  1.00267861 25479
METEOSAT-11 (MSG-4)     
1 40732U 15034A   21341.82371882 -.00000004  00000+0  00000+0 0  9992
2 40732   0.4991 108.0938 0000370  12.3979 252.5107  1.00273896 23453
ELEKTRO-L 2             
1 41105U 15074A   21341.39024372 -.00000114  00000+0  00000+0 0  9994
2 41105   2.5063  90.3696 0002531 124.9972 347.0220  1.00270503 21949
HIMAWARI-9              
1 41836U 16064A   21341.85189035 -.00000275  00000+0  00000+0 0  9992
2 41836   0.0100 326.8588 0000864 320.7250 236.6761  1.00267511 18623
GOES 16                 
1 41866U 16071A   21341.80880449 -.00000247  00000+0  00000+0 0  9994
2 41866   0.0473 254.7609 0000611  39.9809 358.0450  1.00270637 18549
FENGYUN 4A              
1 41882U 16077A   21341.70108984 -.00000327  00000+0  00000+0 0  9993
2 41882   0.0629 298.0051 0006010 104.1493  31.3764  1.00263250 18413
CYGFM05                 
1 41884U 16078A   21341.64083290  .00000799  00000+0  43028-4 0  9995
2 41884  34.9570 315.3935 0015683 176.6800 183.4018 15.15331078275660
CYGFM04                 
1 41885U 16078B   21342.02184357  .00000786  00000+0  41792-4 0  9997
2 41885  34.9501 303.3039 0014320 195.2249 164.8033 15.15837549275910
CYGFM02                 
1 41886U 16078C   21341.62001391  .00000830  00000+0  44032-4 0  9999
2 41886  34.9593 307.9163 0014933 186.1185 173.9345 15.15848262275773
CYGFM01                 
1 41887U 16078D   21342.14222684  .00000705  00000+0  38401-4 0  9992
2 41887  34.9537 314.3145 0016174 180.7360 179.3329 15.15111134275816
CYGFM08                 
1 41888U 16078E   21341.32628149  .00000857  00000+0  45774-4 0  9997
2 41888  34.9507 312.8952 0015410 183.9030 176.1563 15.15534995275699
CYGFM06                 
1 41889U 16078F   21341.99654555  .00000763  00000+0  40623-4 0  9995
2 41889  34.9588 304.2772 0013931 189.6301 170.4145 15.15832264275901
CYGFM07                 
1 41890U 16078G   21342.17323700  .00000730  00000+0  38930-4 0  9995
2 41890  34.9525 302.0284 0013781 195.3386 164.6909 15.15826800275933
CYGFM03                 
1 41891U 16078H   21342.17115069  .00000733  00000+0  39121-4 0  9999
2 41891  34.9557 302.4559 0013275 193.6326 166.4028 15.15822632275921
FENGYUN 3D              
1 43010U 17072A   21342.14980340  .00000008  00000+0  25134-4 0  9992
2 43010  98.7939 282.9310 0002993  84.5606 275.5914 14.19172662210636
NOAA 20                 
1 43013U 17073A   21342.06867627  .00000018  00000+0  29466-4 0  9992
2 43013  98.7381 278.1829 0000846  97.4097 262.7175 14.19563606210071
GOES 17                 
1 43226U 18022A   21341.77757697  .00000099  00000+0  00000+0 0  9992
2 43226   0.0425 240.7493 0000328 332.3902   6.3509  1.00270089 13851
FENGYUN 2H              
1 43491U 18050A   21341.84007575 -.00000128  00000+0  00000+0 0  9992
2 43491   0.6684 102.0332 0003489  43.8359 312.6408  1.00269854 12860
METOP-C                 
1 43689U 18087A   21342.12508275  .00000022  00000+0  30243-4 0  9995
2 43689  98.7132  39.9144 0002291 214.5582 145.5447 14.21489966160123
GEO-KOMPSAT-2A          
1 43823U 18100A   21341.84936101 -.00000343  00000+0  00000+0 0  9992
2 43823   0.0482 148.1335 0000505 314.5247  48.2101  1.00270536 11054
METEOR-M2 2             
1 44387U 19038A   21342.13323910 -.00000028  00000+0  67801-5 0  9998
2 44387  98.6955 299.7390 0002378  96.6992 263.4461 14.23694921126185
FENGYUN 3E              
1 49008U 21062A   21342.17892385 -.00000003  00000+0  19381-4 0  9996
2 49008  98.7068 342.1940 0001773 157.2793 202.8462 14.19816255 22174
